{
 "cells": [
  {
   "cell_type": "code",
   "execution_count": 133,
   "id": "eeae8741",
   "metadata": {},
   "outputs": [],
   "source": [
    "import numpy as np\n",
    "from numpy.linalg import inv,qr\n",
    "from random import normalvariate\n",
    "import random\n",
    "import matplotlib.pyplot as plt\n",
    "import pandas as pd\n",
    "from pandas import Series, DataFrame"
   ]
  },
  {
   "cell_type": "code",
   "execution_count": 2,
   "id": "a2f627a2",
   "metadata": {},
   "outputs": [
    {
     "data": {
      "text/plain": [
       "array([[ 0,  1,  2,  3,  4],\n",
       "       [ 5,  6,  7,  8,  9],\n",
       "       [10, 11, 12, 13, 14]])"
      ]
     },
     "execution_count": 2,
     "metadata": {},
     "output_type": "execute_result"
    }
   ],
   "source": [
    "arr = np.arange(15).reshape((3,5))\n",
    "arr"
   ]
  },
  {
   "cell_type": "code",
   "execution_count": 3,
   "id": "cbf93ca0",
   "metadata": {},
   "outputs": [
    {
     "data": {
      "text/plain": [
       "array([[ 0,  5, 10],\n",
       "       [ 1,  6, 11],\n",
       "       [ 2,  7, 12],\n",
       "       [ 3,  8, 13],\n",
       "       [ 4,  9, 14]])"
      ]
     },
     "execution_count": 3,
     "metadata": {},
     "output_type": "execute_result"
    }
   ],
   "source": [
    "arr.T"
   ]
  },
  {
   "cell_type": "code",
   "execution_count": 4,
   "id": "5fd73aaa",
   "metadata": {},
   "outputs": [
    {
     "data": {
      "text/plain": [
       "array([[ 0.73518555, -0.41903248, -0.5349785 ],\n",
       "       [-1.06164776, -1.43415412,  1.56409846],\n",
       "       [ 0.3623149 , -0.15407307, -0.80563777],\n",
       "       [-0.97521311,  0.62431412, -0.65246966],\n",
       "       [ 0.02353511, -1.1971441 ,  0.76492601],\n",
       "       [-0.13614151,  0.30870018, -1.19830413]])"
      ]
     },
     "execution_count": 4,
     "metadata": {},
     "output_type": "execute_result"
    }
   ],
   "source": [
    "arr1 = np.random.randn(6,3)\n",
    "arr1"
   ]
  },
  {
   "cell_type": "code",
   "execution_count": 5,
   "id": "891a09cd",
   "metadata": {},
   "outputs": [
    {
     "data": {
      "text/plain": [
       "array([[ 2.76899486,  0.47963578, -1.52828615],\n",
       "       [ 0.47963578,  4.17434267, -3.58784718],\n",
       "       [-1.52828615, -3.58784718,  5.82841945]])"
      ]
     },
     "execution_count": 5,
     "metadata": {},
     "output_type": "execute_result"
    }
   ],
   "source": [
    "np.dot(arr1.T,arr1)"
   ]
  },
  {
   "cell_type": "code",
   "execution_count": 9,
   "id": "0f5cf129",
   "metadata": {},
   "outputs": [
    {
     "data": {
      "text/plain": [
       "array([[[ 0,  1,  2,  3],\n",
       "        [ 4,  5,  6,  7]],\n",
       "\n",
       "       [[ 8,  9, 10, 11],\n",
       "        [12, 13, 14, 15]]])"
      ]
     },
     "execution_count": 9,
     "metadata": {},
     "output_type": "execute_result"
    }
   ],
   "source": [
    "arr3 = np.arange(16).reshape((2,2,4))\n",
    "arr3"
   ]
  },
  {
   "cell_type": "code",
   "execution_count": 11,
   "id": "b155119c",
   "metadata": {},
   "outputs": [
    {
     "data": {
      "text/plain": [
       "array([[[ 0,  1,  2,  3],\n",
       "        [ 8,  9, 10, 11]],\n",
       "\n",
       "       [[ 4,  5,  6,  7],\n",
       "        [12, 13, 14, 15]]])"
      ]
     },
     "execution_count": 11,
     "metadata": {},
     "output_type": "execute_result"
    }
   ],
   "source": [
    "arr3.transpose((1,0,2))"
   ]
  },
  {
   "cell_type": "code",
   "execution_count": 13,
   "id": "4f792697",
   "metadata": {},
   "outputs": [
    {
     "data": {
      "text/plain": [
       "array([[[ 0,  4],\n",
       "        [ 1,  5],\n",
       "        [ 2,  6],\n",
       "        [ 3,  7]],\n",
       "\n",
       "       [[ 8, 12],\n",
       "        [ 9, 13],\n",
       "        [10, 14],\n",
       "        [11, 15]]])"
      ]
     },
     "execution_count": 13,
     "metadata": {},
     "output_type": "execute_result"
    }
   ],
   "source": [
    "arr3.swapaxes(1,2)"
   ]
  },
  {
   "cell_type": "code",
   "execution_count": 14,
   "id": "a4a5c610",
   "metadata": {},
   "outputs": [
    {
     "data": {
      "text/plain": [
       "array([0, 1, 2, 3, 4, 5, 6, 7, 8, 9])"
      ]
     },
     "execution_count": 14,
     "metadata": {},
     "output_type": "execute_result"
    }
   ],
   "source": [
    "arr4 = np.arange(10)\n",
    "arr4"
   ]
  },
  {
   "cell_type": "code",
   "execution_count": 15,
   "id": "643fa2ee",
   "metadata": {},
   "outputs": [
    {
     "data": {
      "text/plain": [
       "array([0.        , 1.        , 1.41421356, 1.73205081, 2.        ,\n",
       "       2.23606798, 2.44948974, 2.64575131, 2.82842712, 3.        ])"
      ]
     },
     "execution_count": 15,
     "metadata": {},
     "output_type": "execute_result"
    }
   ],
   "source": [
    "np.sqrt(arr4)"
   ]
  },
  {
   "cell_type": "code",
   "execution_count": 17,
   "id": "2d7eedcf",
   "metadata": {},
   "outputs": [
    {
     "data": {
      "text/plain": [
       "array([1.00000000e+00, 2.71828183e+00, 7.38905610e+00, 2.00855369e+01,\n",
       "       5.45981500e+01, 1.48413159e+02, 4.03428793e+02, 1.09663316e+03,\n",
       "       2.98095799e+03, 8.10308393e+03])"
      ]
     },
     "execution_count": 17,
     "metadata": {},
     "output_type": "execute_result"
    }
   ],
   "source": [
    "np.exp(arr4)"
   ]
  },
  {
   "cell_type": "code",
   "execution_count": 18,
   "id": "23d8fb80",
   "metadata": {},
   "outputs": [
    {
     "data": {
      "text/plain": [
       "array([-0.95689586,  1.23363477,  1.68867894,  1.19420993, -0.75115935,\n",
       "        0.11549086,  0.3272669 , -1.29336779])"
      ]
     },
     "execution_count": 18,
     "metadata": {},
     "output_type": "execute_result"
    }
   ],
   "source": [
    "x = np.random.randn(8)\n",
    "y = np.random.randn(8)\n",
    "\n",
    "np.maximum(x,y)"
   ]
  },
  {
   "cell_type": "code",
   "execution_count": 21,
   "id": "d01b7e02",
   "metadata": {},
   "outputs": [
    {
     "data": {
      "text/plain": [
       "array([-1.52140818,  4.13413276, -8.38827091,  2.55021906,  1.28273553,\n",
       "        2.12011264, -2.48695095])"
      ]
     },
     "execution_count": 21,
     "metadata": {},
     "output_type": "execute_result"
    }
   ],
   "source": [
    "arr5 = np.random.randn(7)*5\n",
    "arr5"
   ]
  },
  {
   "cell_type": "code",
   "execution_count": 22,
   "id": "b3ef74e0",
   "metadata": {},
   "outputs": [
    {
     "data": {
      "text/plain": [
       "(array([-0.52140818,  0.13413276, -0.38827091,  0.55021906,  0.28273553,\n",
       "         0.12011264, -0.48695095]),\n",
       " array([-1.,  4., -8.,  2.,  1.,  2., -2.]))"
      ]
     },
     "execution_count": 22,
     "metadata": {},
     "output_type": "execute_result"
    }
   ],
   "source": [
    "remainder, whole_part = np.modf(arr5)\n",
    "remainder,whole_part"
   ]
  },
  {
   "cell_type": "code",
   "execution_count": 23,
   "id": "55a18f72",
   "metadata": {},
   "outputs": [
    {
     "name": "stderr",
     "output_type": "stream",
     "text": [
      "C:\\Users\\SKUP\\AppData\\Local\\Temp/ipykernel_27732/258978451.py:1: RuntimeWarning: invalid value encountered in sqrt\n",
      "  np.sqrt(arr5,arr5)\n"
     ]
    },
    {
     "data": {
      "text/plain": [
       "array([       nan, 2.03325669,        nan, 1.59694053, 1.13257915,\n",
       "       1.45606066,        nan])"
      ]
     },
     "execution_count": 23,
     "metadata": {},
     "output_type": "execute_result"
    }
   ],
   "source": [
    "np.sqrt(arr5,arr5)"
   ]
  },
  {
   "cell_type": "code",
   "execution_count": 24,
   "id": "a089fa88",
   "metadata": {},
   "outputs": [],
   "source": [
    "points = np.arange(-0.5,5,0.01)\n",
    "xs,ys = np.meshgrid(points,points)"
   ]
  },
  {
   "cell_type": "code",
   "execution_count": 27,
   "id": "240c2bd3",
   "metadata": {},
   "outputs": [
    {
     "data": {
      "text/plain": [
       "array([[0.5 , 0.49, 0.48, ..., 4.97, 4.98, 4.99],\n",
       "       [0.5 , 0.49, 0.48, ..., 4.97, 4.98, 4.99],\n",
       "       [0.5 , 0.49, 0.48, ..., 4.97, 4.98, 4.99],\n",
       "       ...,\n",
       "       [0.5 , 0.49, 0.48, ..., 4.97, 4.98, 4.99],\n",
       "       [0.5 , 0.49, 0.48, ..., 4.97, 4.98, 4.99],\n",
       "       [0.5 , 0.49, 0.48, ..., 4.97, 4.98, 4.99]])"
      ]
     },
     "execution_count": 27,
     "metadata": {},
     "output_type": "execute_result"
    }
   ],
   "source": [
    "z = np.sqrt(xs**2,ys**2)\n",
    "z"
   ]
  },
  {
   "cell_type": "code",
   "execution_count": 28,
   "id": "385b266e",
   "metadata": {},
   "outputs": [
    {
     "data": {
      "text/plain": [
       "[1.1, 2.2, 1.3, 1.4, 2.5]"
      ]
     },
     "execution_count": 28,
     "metadata": {},
     "output_type": "execute_result"
    }
   ],
   "source": [
    "xarr = np.array([1.1, 1.2, 1.3, 1.4, 1.5])\n",
    "yarr = np.array([2.1, 2.2, 2.3, 2.4, 2.5])\n",
    "\n",
    "cond = np.array([True, False, True, True, False])\n",
    "\n",
    "[(x if c else y) for x,y,c in zip(xarr,yarr,cond)]"
   ]
  },
  {
   "cell_type": "code",
   "execution_count": 30,
   "id": "b86293bd",
   "metadata": {},
   "outputs": [
    {
     "data": {
      "text/plain": [
       "array([1.1, 2.2, 1.3, 1.4, 2.5])"
      ]
     },
     "execution_count": 30,
     "metadata": {},
     "output_type": "execute_result"
    }
   ],
   "source": [
    "np.where(cond,xarr,yarr)"
   ]
  },
  {
   "cell_type": "code",
   "execution_count": 31,
   "id": "608e0313",
   "metadata": {},
   "outputs": [
    {
     "data": {
      "text/plain": [
       "array([[-7.76559697e-01,  3.92593427e-01,  1.13283625e+00,\n",
       "         3.38214114e-01],\n",
       "       [ 1.26034298e+00,  1.24909965e+00, -8.21353795e-01,\n",
       "         1.92039848e-01],\n",
       "       [ 4.50222464e-01, -3.58856861e-01,  2.20747050e-01,\n",
       "         9.06637860e-01],\n",
       "       [-1.17465215e+00, -1.14101907e-03,  1.83113992e+00,\n",
       "        -1.38876899e+00]])"
      ]
     },
     "execution_count": 31,
     "metadata": {},
     "output_type": "execute_result"
    }
   ],
   "source": [
    "arr6 = np.random.randn(4,4)\n",
    "arr6"
   ]
  },
  {
   "cell_type": "code",
   "execution_count": 32,
   "id": "977743ae",
   "metadata": {},
   "outputs": [
    {
     "data": {
      "text/plain": [
       "array([[-2,  2,  2,  2],\n",
       "       [ 2,  2, -2,  2],\n",
       "       [ 2, -2,  2,  2],\n",
       "       [-2, -2,  2, -2]])"
      ]
     },
     "execution_count": 32,
     "metadata": {},
     "output_type": "execute_result"
    }
   ],
   "source": [
    "np.where(arr6>0,2,-2)"
   ]
  },
  {
   "cell_type": "code",
   "execution_count": 33,
   "id": "a58bb838",
   "metadata": {},
   "outputs": [
    {
     "data": {
      "text/plain": [
       "array([[-7.76559697e-01,  2.00000000e+00,  2.00000000e+00,\n",
       "         2.00000000e+00],\n",
       "       [ 2.00000000e+00,  2.00000000e+00, -8.21353795e-01,\n",
       "         2.00000000e+00],\n",
       "       [ 2.00000000e+00, -3.58856861e-01,  2.00000000e+00,\n",
       "         2.00000000e+00],\n",
       "       [-1.17465215e+00, -1.14101907e-03,  2.00000000e+00,\n",
       "        -1.38876899e+00]])"
      ]
     },
     "execution_count": 33,
     "metadata": {},
     "output_type": "execute_result"
    }
   ],
   "source": [
    "np.where(arr6>0,2,arr6)"
   ]
  },
  {
   "cell_type": "code",
   "execution_count": 35,
   "id": "dd04c77f",
   "metadata": {},
   "outputs": [
    {
     "data": {
      "text/plain": [
       "array([[-1.41570718, -1.93176887, -0.58657007,  0.15555834],\n",
       "       [ 0.22004059,  0.16368859,  0.43489451,  0.4204197 ],\n",
       "       [-1.12103924,  1.38832946,  0.45554371, -1.17127574],\n",
       "       [-0.60094849,  1.49230582,  0.8341548 ,  0.90059695],\n",
       "       [ 0.14485142,  1.9235116 ,  0.15389971, -0.7125162 ]])"
      ]
     },
     "execution_count": 35,
     "metadata": {},
     "output_type": "execute_result"
    }
   ],
   "source": [
    "arr7 = np.random.randn(5,4)\n",
    "arr7"
   ]
  },
  {
   "cell_type": "code",
   "execution_count": 36,
   "id": "da27c06e",
   "metadata": {},
   "outputs": [
    {
     "data": {
      "text/plain": [
       "0.0573984707206925"
      ]
     },
     "execution_count": 36,
     "metadata": {},
     "output_type": "execute_result"
    }
   ],
   "source": [
    "arr7.mean()"
   ]
  },
  {
   "cell_type": "code",
   "execution_count": 37,
   "id": "0fb0620f",
   "metadata": {},
   "outputs": [
    {
     "data": {
      "text/plain": [
       "0.9897037288873691"
      ]
     },
     "execution_count": 37,
     "metadata": {},
     "output_type": "execute_result"
    }
   ],
   "source": [
    "arr7.std()"
   ]
  },
  {
   "cell_type": "code",
   "execution_count": 38,
   "id": "33562e51",
   "metadata": {},
   "outputs": [
    {
     "data": {
      "text/plain": [
       "0.0573984707206925"
      ]
     },
     "execution_count": 38,
     "metadata": {},
     "output_type": "execute_result"
    }
   ],
   "source": [
    "np.mean(arr7)"
   ]
  },
  {
   "cell_type": "code",
   "execution_count": 39,
   "id": "2d9b94a1",
   "metadata": {},
   "outputs": [
    {
     "data": {
      "text/plain": [
       "1.14796941441385"
      ]
     },
     "execution_count": 39,
     "metadata": {},
     "output_type": "execute_result"
    }
   ],
   "source": [
    "arr7.sum()"
   ]
  },
  {
   "cell_type": "code",
   "execution_count": 40,
   "id": "a528337c",
   "metadata": {},
   "outputs": [
    {
     "data": {
      "text/plain": [
       "array([-0.94462195,  0.30976085, -0.11211045,  0.65652727,  0.37743663])"
      ]
     },
     "execution_count": 40,
     "metadata": {},
     "output_type": "execute_result"
    }
   ],
   "source": [
    "arr7.mean(axis=1)"
   ]
  },
  {
   "cell_type": "code",
   "execution_count": 41,
   "id": "f4476f17",
   "metadata": {},
   "outputs": [
    {
     "data": {
      "text/plain": [
       "array([-3.77848779,  1.2390434 , -0.44844181,  2.62610908,  1.50974653])"
      ]
     },
     "execution_count": 41,
     "metadata": {},
     "output_type": "execute_result"
    }
   ],
   "source": [
    "arr7.sum(axis=1)"
   ]
  },
  {
   "cell_type": "code",
   "execution_count": 42,
   "id": "d9c4fafb",
   "metadata": {},
   "outputs": [],
   "source": [
    "arr8 = np.array([0, 1, 2, 3, 4, 5, 6, 7])"
   ]
  },
  {
   "cell_type": "code",
   "execution_count": 43,
   "id": "aedb8929",
   "metadata": {},
   "outputs": [
    {
     "data": {
      "text/plain": [
       "array([ 0,  1,  3,  6, 10, 15, 21, 28])"
      ]
     },
     "execution_count": 43,
     "metadata": {},
     "output_type": "execute_result"
    }
   ],
   "source": [
    "arr8.cumsum()"
   ]
  },
  {
   "cell_type": "code",
   "execution_count": 44,
   "id": "770e713c",
   "metadata": {},
   "outputs": [],
   "source": [
    "arr9 = np.array([[0, 1, 2], [3, 4, 5], [6, 7, 8]])"
   ]
  },
  {
   "cell_type": "code",
   "execution_count": 45,
   "id": "6fc5841e",
   "metadata": {},
   "outputs": [
    {
     "data": {
      "text/plain": [
       "array([ 0,  1,  3,  6, 10, 15, 21, 28, 36])"
      ]
     },
     "execution_count": 45,
     "metadata": {},
     "output_type": "execute_result"
    }
   ],
   "source": [
    "arr9.cumsum()"
   ]
  },
  {
   "cell_type": "code",
   "execution_count": 47,
   "id": "dfe2b16f",
   "metadata": {},
   "outputs": [
    {
     "data": {
      "text/plain": [
       "(array([[0, 1, 2],\n",
       "        [3, 4, 5],\n",
       "        [6, 7, 8]]),\n",
       " array([[ 0,  1,  3],\n",
       "        [ 3,  7, 12],\n",
       "        [ 6, 13, 21]]))"
      ]
     },
     "execution_count": 47,
     "metadata": {},
     "output_type": "execute_result"
    }
   ],
   "source": [
    "arr9,arr9.cumsum(axis=1)"
   ]
  },
  {
   "cell_type": "code",
   "execution_count": 48,
   "id": "2c5a744c",
   "metadata": {},
   "outputs": [
    {
     "data": {
      "text/plain": [
       "(array([[0, 1, 2],\n",
       "        [3, 4, 5],\n",
       "        [6, 7, 8]]),\n",
       " array([[  0,   0,   0],\n",
       "        [  3,  12,  60],\n",
       "        [  6,  42, 336]]))"
      ]
     },
     "execution_count": 48,
     "metadata": {},
     "output_type": "execute_result"
    }
   ],
   "source": [
    "arr9,arr9.cumprod(axis=1)"
   ]
  },
  {
   "cell_type": "code",
   "execution_count": 49,
   "id": "3fdb3b45",
   "metadata": {},
   "outputs": [],
   "source": [
    "arr10 = np.random.randn(100)"
   ]
  },
  {
   "cell_type": "code",
   "execution_count": 50,
   "id": "2603b7d8",
   "metadata": {},
   "outputs": [
    {
     "data": {
      "text/plain": [
       "45"
      ]
     },
     "execution_count": 50,
     "metadata": {},
     "output_type": "execute_result"
    }
   ],
   "source": [
    "(arr10>0).sum()"
   ]
  },
  {
   "cell_type": "code",
   "execution_count": 51,
   "id": "735c61a9",
   "metadata": {},
   "outputs": [],
   "source": [
    "bools = np.array([False, False, True, False])"
   ]
  },
  {
   "cell_type": "code",
   "execution_count": 55,
   "id": "47e3f8c9",
   "metadata": {},
   "outputs": [
    {
     "data": {
      "text/plain": [
       "(False, False)"
      ]
     },
     "execution_count": 55,
     "metadata": {},
     "output_type": "execute_result"
    }
   ],
   "source": [
    "np.all(bools),bools.all()"
   ]
  },
  {
   "cell_type": "code",
   "execution_count": 56,
   "id": "09ab0558",
   "metadata": {},
   "outputs": [
    {
     "data": {
      "text/plain": [
       "(True, True)"
      ]
     },
     "execution_count": 56,
     "metadata": {},
     "output_type": "execute_result"
    }
   ],
   "source": [
    "np.any(bools), bools.any()"
   ]
  },
  {
   "cell_type": "code",
   "execution_count": 57,
   "id": "f3f25944",
   "metadata": {},
   "outputs": [],
   "source": [
    "arr11 = np.random.randn(6)"
   ]
  },
  {
   "cell_type": "code",
   "execution_count": 58,
   "id": "cf013ae4",
   "metadata": {},
   "outputs": [],
   "source": [
    "arr11.sort()"
   ]
  },
  {
   "cell_type": "code",
   "execution_count": 59,
   "id": "288e3005",
   "metadata": {},
   "outputs": [
    {
     "data": {
      "text/plain": [
       "array([-2.4409992 , -1.52758455, -0.54289514, -0.29350334,  0.40482165,\n",
       "        0.67398639])"
      ]
     },
     "execution_count": 59,
     "metadata": {},
     "output_type": "execute_result"
    }
   ],
   "source": [
    "arr11"
   ]
  },
  {
   "cell_type": "code",
   "execution_count": 60,
   "id": "b438aea2",
   "metadata": {},
   "outputs": [],
   "source": [
    "arr12 = np.random.randn(5, 3)"
   ]
  },
  {
   "cell_type": "code",
   "execution_count": 61,
   "id": "826bc8a5",
   "metadata": {},
   "outputs": [],
   "source": [
    "arr12.sort(axis=1)"
   ]
  },
  {
   "cell_type": "code",
   "execution_count": 62,
   "id": "ea2ded71",
   "metadata": {},
   "outputs": [
    {
     "data": {
      "text/plain": [
       "array([[-0.59135463, -0.22238065,  0.15501668],\n",
       "       [-1.34732459,  1.0378103 ,  1.34467484],\n",
       "       [-0.23388978, -0.19779341,  1.38281097],\n",
       "       [-0.72288812, -0.48646046,  0.01300755],\n",
       "       [-0.72683055, -0.55633008,  0.2201038 ]])"
      ]
     },
     "execution_count": 62,
     "metadata": {},
     "output_type": "execute_result"
    }
   ],
   "source": [
    "arr12"
   ]
  },
  {
   "cell_type": "code",
   "execution_count": 63,
   "id": "ba120ef5",
   "metadata": {},
   "outputs": [],
   "source": [
    "large_arr = np.random.randn(1000)"
   ]
  },
  {
   "cell_type": "code",
   "execution_count": 64,
   "id": "98927aef",
   "metadata": {},
   "outputs": [],
   "source": [
    "large_arr.sort()"
   ]
  },
  {
   "cell_type": "code",
   "execution_count": 65,
   "id": "23b75436",
   "metadata": {},
   "outputs": [
    {
     "data": {
      "text/plain": [
       "-1.7107357836347044"
      ]
     },
     "execution_count": 65,
     "metadata": {},
     "output_type": "execute_result"
    }
   ],
   "source": [
    "large_arr[int(0.05*len(large_arr))]"
   ]
  },
  {
   "cell_type": "code",
   "execution_count": 66,
   "id": "fb8d7ada",
   "metadata": {},
   "outputs": [],
   "source": [
    "names = np.array(['Bob', 'Joe', 'Will', 'Bob', 'Will', 'Joe', 'Joe'])"
   ]
  },
  {
   "cell_type": "code",
   "execution_count": 68,
   "id": "7ebf4c31",
   "metadata": {},
   "outputs": [
    {
     "data": {
      "text/plain": [
       "array(['Bob', 'Joe', 'Will'], dtype='<U4')"
      ]
     },
     "execution_count": 68,
     "metadata": {},
     "output_type": "execute_result"
    }
   ],
   "source": [
    "np.unique(names)"
   ]
  },
  {
   "cell_type": "code",
   "execution_count": 69,
   "id": "1c90a0e8",
   "metadata": {},
   "outputs": [],
   "source": [
    "ints = np.array([3, 3, 3, 2, 2, 1, 1, 4, 4])"
   ]
  },
  {
   "cell_type": "code",
   "execution_count": 70,
   "id": "8af32686",
   "metadata": {},
   "outputs": [
    {
     "data": {
      "text/plain": [
       "array([1, 2, 3, 4])"
      ]
     },
     "execution_count": 70,
     "metadata": {},
     "output_type": "execute_result"
    }
   ],
   "source": [
    "np.unique(ints)"
   ]
  },
  {
   "cell_type": "code",
   "execution_count": 72,
   "id": "c9b88c18",
   "metadata": {},
   "outputs": [
    {
     "data": {
      "text/plain": [
       "['Bob', 'Joe', 'Will']"
      ]
     },
     "execution_count": 72,
     "metadata": {},
     "output_type": "execute_result"
    }
   ],
   "source": [
    "sorted(set(names))"
   ]
  },
  {
   "cell_type": "code",
   "execution_count": 73,
   "id": "e9f2c718",
   "metadata": {},
   "outputs": [],
   "source": [
    "values = np.array([6, 0, 0, 3, 2, 5, 6])"
   ]
  },
  {
   "cell_type": "code",
   "execution_count": 74,
   "id": "997217f3",
   "metadata": {},
   "outputs": [
    {
     "data": {
      "text/plain": [
       "array([False, False, False,  True,  True, False, False])"
      ]
     },
     "execution_count": 74,
     "metadata": {},
     "output_type": "execute_result"
    }
   ],
   "source": [
    "np.in1d(values,[1,2,3])"
   ]
  },
  {
   "cell_type": "code",
   "execution_count": 75,
   "id": "f20d22d1",
   "metadata": {},
   "outputs": [],
   "source": [
    "arr = np.arange(10)"
   ]
  },
  {
   "cell_type": "code",
   "execution_count": 76,
   "id": "6ce40440",
   "metadata": {},
   "outputs": [],
   "source": [
    "np.save('some_arr',arr)"
   ]
  },
  {
   "cell_type": "code",
   "execution_count": 79,
   "id": "bc9f3d3c",
   "metadata": {},
   "outputs": [
    {
     "data": {
      "text/plain": [
       "array([0, 1, 2, 3, 4, 5, 6, 7, 8, 9])"
      ]
     },
     "execution_count": 79,
     "metadata": {},
     "output_type": "execute_result"
    }
   ],
   "source": [
    "some_arry = np.load(\"some_arr.npy\")\n",
    "some_arry"
   ]
  },
  {
   "cell_type": "code",
   "execution_count": 80,
   "id": "00fe614b",
   "metadata": {},
   "outputs": [],
   "source": [
    "np.savez('some_arr.npz',a=arr,b=arr)"
   ]
  },
  {
   "cell_type": "code",
   "execution_count": 81,
   "id": "2b3d5153",
   "metadata": {},
   "outputs": [],
   "source": [
    "arch = np.load('some_arr.npz')"
   ]
  },
  {
   "cell_type": "code",
   "execution_count": 84,
   "id": "b4557268",
   "metadata": {},
   "outputs": [
    {
     "data": {
      "text/plain": [
       "(array([0, 1, 2, 3, 4, 5, 6, 7, 8, 9]), array([0, 1, 2, 3, 4, 5, 6, 7, 8, 9]))"
      ]
     },
     "execution_count": 84,
     "metadata": {},
     "output_type": "execute_result"
    }
   ],
   "source": [
    "arch['a'],arch['b']"
   ]
  },
  {
   "cell_type": "code",
   "execution_count": 85,
   "id": "73584673",
   "metadata": {},
   "outputs": [],
   "source": [
    "np.savez_compressed('some_arr_compressed.npz',a=arr,b=arr)"
   ]
  },
  {
   "cell_type": "code",
   "execution_count": 86,
   "id": "42f8be08",
   "metadata": {},
   "outputs": [],
   "source": [
    "x = np.array([[1., 2., 3.], [4., 5., 6.]])\n",
    "y = np.array([[6., 23.], [-1, 7], [8, 9]])"
   ]
  },
  {
   "cell_type": "code",
   "execution_count": 87,
   "id": "5735ab2e",
   "metadata": {},
   "outputs": [
    {
     "data": {
      "text/plain": [
       "array([[ 28.,  64.],\n",
       "       [ 67., 181.]])"
      ]
     },
     "execution_count": 87,
     "metadata": {},
     "output_type": "execute_result"
    }
   ],
   "source": [
    "x.dot(y)"
   ]
  },
  {
   "cell_type": "code",
   "execution_count": 88,
   "id": "fb56eac1",
   "metadata": {},
   "outputs": [
    {
     "data": {
      "text/plain": [
       "array([[ 28.,  64.],\n",
       "       [ 67., 181.]])"
      ]
     },
     "execution_count": 88,
     "metadata": {},
     "output_type": "execute_result"
    }
   ],
   "source": [
    "np.dot(x,y)"
   ]
  },
  {
   "cell_type": "code",
   "execution_count": 91,
   "id": "dcf22d38",
   "metadata": {},
   "outputs": [
    {
     "data": {
      "text/plain": [
       "array([ 6., 15.])"
      ]
     },
     "execution_count": 91,
     "metadata": {},
     "output_type": "execute_result"
    }
   ],
   "source": [
    "np.dot(x,np.ones(3))"
   ]
  },
  {
   "cell_type": "code",
   "execution_count": 92,
   "id": "462a3fac",
   "metadata": {},
   "outputs": [
    {
     "data": {
      "text/plain": [
       "array([ 6., 15.])"
      ]
     },
     "execution_count": 92,
     "metadata": {},
     "output_type": "execute_result"
    }
   ],
   "source": [
    "x@np.ones(3)"
   ]
  },
  {
   "cell_type": "code",
   "execution_count": 94,
   "id": "baa93500",
   "metadata": {},
   "outputs": [],
   "source": [
    "X = np.random.randn(5,5)"
   ]
  },
  {
   "cell_type": "code",
   "execution_count": 95,
   "id": "fd4a9dcf",
   "metadata": {},
   "outputs": [
    {
     "data": {
      "text/plain": [
       "array([[ 1.47049869,  0.7781705 ,  0.90732466,  0.93110653, -1.94474157],\n",
       "       [ 0.7781705 ,  6.57503613,  2.80689932,  4.71165602,  1.0322634 ],\n",
       "       [ 0.90732466,  2.80689932,  6.05803544,  2.24825627, -1.998394  ],\n",
       "       [ 0.93110653,  4.71165602,  2.24825627,  3.60104564, -0.33927439],\n",
       "       [-1.94474157,  1.0322634 , -1.998394  , -0.33927439,  5.93505142]])"
      ]
     },
     "execution_count": 95,
     "metadata": {},
     "output_type": "execute_result"
    }
   ],
   "source": [
    "mat = X.T.dot(X)\n",
    "mat"
   ]
  },
  {
   "cell_type": "code",
   "execution_count": 96,
   "id": "311c7c18",
   "metadata": {},
   "outputs": [
    {
     "data": {
      "text/plain": [
       "array([[  1.88697465,  -4.5659703 ,   0.45458961,   5.37891918,\n",
       "          1.87299823],\n",
       "       [ -4.5659703 ,  68.41321105,  -5.45103081, -86.83148599,\n",
       "        -20.19411206],\n",
       "       [  0.45458961,  -5.45103081,   0.68262843,   6.74983782,\n",
       "          1.71273438],\n",
       "       [  5.37891918, -86.83148599,   6.74983782, 110.68338215,\n",
       "         25.46472392],\n",
       "       [  1.87299823, -20.19411206,   1.71273438,  25.46472392,\n",
       "          6.32688491]])"
      ]
     },
     "execution_count": 96,
     "metadata": {},
     "output_type": "execute_result"
    }
   ],
   "source": [
    "inv(mat)"
   ]
  },
  {
   "cell_type": "code",
   "execution_count": 97,
   "id": "67e82832",
   "metadata": {},
   "outputs": [
    {
     "data": {
      "text/plain": [
       "array([[ 1.00000000e+00,  1.78839299e-14,  5.23333349e-17,\n",
       "         3.37652864e-15, -7.41060880e-15],\n",
       "       [ 4.07024046e-15,  1.00000000e+00,  5.21104066e-15,\n",
       "         1.27532343e-13, -1.14759452e-15],\n",
       "       [ 9.27183490e-16,  1.83267054e-14,  1.00000000e+00,\n",
       "         4.85127970e-15, -5.74931672e-15],\n",
       "       [-3.22438032e-15,  4.56328909e-14, -1.00242430e-16,\n",
       "         1.00000000e+00, -1.28846355e-14],\n",
       "       [-1.50220854e-17, -4.03236741e-15,  1.69498400e-16,\n",
       "        -6.28237910e-15,  1.00000000e+00]])"
      ]
     },
     "execution_count": 97,
     "metadata": {},
     "output_type": "execute_result"
    }
   ],
   "source": [
    "mat.dot(inv(mat))"
   ]
  },
  {
   "cell_type": "code",
   "execution_count": 99,
   "id": "63b09641",
   "metadata": {},
   "outputs": [
    {
     "data": {
      "text/plain": [
       "array([[-2.87056317, -3.89719171, -5.22364288, -3.86276786,  5.47895866],\n",
       "       [ 0.        , -7.73256104, -3.14752339, -5.11825486, -3.30357332],\n",
       "       [ 0.        ,  0.        , -4.1541066 , -0.0424897 ,  1.2938262 ],\n",
       "       [ 0.        ,  0.        ,  0.        , -0.29093147,  1.25444438],\n",
       "       [ 0.        ,  0.        ,  0.        ,  0.        ,  0.03011385]])"
      ]
     },
     "execution_count": 99,
     "metadata": {},
     "output_type": "execute_result"
    }
   ],
   "source": [
    "q,r = qr(mat)\n",
    "r"
   ]
  },
  {
   "cell_type": "code",
   "execution_count": 102,
   "id": "2892fdd2",
   "metadata": {},
   "outputs": [
    {
     "data": {
      "text/plain": [
       "array([[-0.10010556,  0.38303838, -0.32344548],\n",
       "       [ 1.32738722,  0.3850394 , -0.51583772],\n",
       "       [ 0.11115674,  0.19533483,  0.19424553]])"
      ]
     },
     "execution_count": 102,
     "metadata": {},
     "output_type": "execute_result"
    }
   ],
   "source": [
    "samples = np.random.normal(size=(3,3))\n",
    "samples"
   ]
  },
  {
   "cell_type": "code",
   "execution_count": 107,
   "id": "ec627a8f",
   "metadata": {},
   "outputs": [],
   "source": [
    "N = 1000\n",
    "samples = [normalvariate(0,1) for _ in range(N)]"
   ]
  },
  {
   "cell_type": "code",
   "execution_count": 115,
   "id": "d4de8e41",
   "metadata": {},
   "outputs": [],
   "source": [
    "position = 0\n",
    "walk = [position]\n",
    "\n",
    "steps = 1000\n",
    "\n",
    "for i in range(steps):\n",
    "    step = 1 if random.randint(0,1) else -1\n",
    "    \n",
    "    position+=step\n",
    "    walk.append(position)"
   ]
  },
  {
   "cell_type": "code",
   "execution_count": 116,
   "id": "c7cfbed4",
   "metadata": {},
   "outputs": [
    {
     "data": {
      "text/plain": [
       "[<matplotlib.lines.Line2D at 0x2321d666df0>]"
      ]
     },
     "execution_count": 116,
     "metadata": {},
     "output_type": "execute_result"
    },
    {
     "data": {
